1111101010110010101001001000101110100110101001100010101001110001
0010010111011111101110010110010110100111111001010010110000110111
0011010100010101100011011101010010111100101100100110100001101010
0100101111011101111011111010011101101111101001010000000110101100
1011001001101110111010110101111111111000101111111010001010011011
1001111001011010100000000110000001100110101100011010001111110101
1010101010001000011000010111100110110100011001101000110000010101
0101100010100010011000001000011000100011110100101101011000110110
1011101001111100101011011101101010011011101000101111110000001011
1011101000100110011010111001010010011100000000100110011010011010
0100000011010010110001000010100010101011001000000101011001101010
0010100000110101001001100001111010110101101000011110110110010010
0111100110000100011011100001101010000011001101011101000110010010
1111110001110100000001111010101101010001000111100111110000100000
1001110100011011000011000100101111001001011010101000010001110011
1010001100101010111100010111111111110011110010001000111110000110
1100111011111011111011101101101101110011111001011000100100000011
0000101010101001110101111011110001000000001001001100011100010001
0010010001000001111010011000000000000110010100100000100011010101
1000010100011110000000101000100111110101000000011110000100110000
0000010111101100010010000001011011110000001011011101000101110001
0101001011000010001110011010100010001000111101110110011011011010
1111001010110010101111011111100101010000110111001100011111001111
0100001111111010011011101000001110110110111000000110011011000101
0001011110110100100101110111001011001000000010111000100110111000
1111110010111000000001010011010000111111001000100010010101001001
1110001101000100000111111001110100001110100110000110001111001001
1011011000000001101101011100100110011011000111001101011110011001
0111001101110100111011000101010110001010101001110001011000010001
1110111000110011100111010000010110111000010001000000100001100010
0000100110110001111011011000001111100110111000011111101001100010
1101101110000010101011100010101110010101001010010010010010000101
1011001001110101011110100101001110010011011101111110100101110010
1101000101001011011100000101110000101110101000001101000001010010
1100111110101010101000111001101010111110101000100000011111011000
0001001010110100110000010011100000001001010001010100111101110011
0100000101111010000111001001000110000011001001110001111000101010
1100001100010000110011101001001110100101001010100110100011100000
1111111100010000110000010101110101000101100111000101111101110000
1010111111001000110101101010110111011000010100001111001001000111
1010000100000101110001000110011010111000100000100010110101111010
0101111111100010001111001101011000000010010111010001001101010101
0010000111001111011111000000100000101111011010000110111000101001
0010111000011011010100010101110011011101110011010011000001101100
0001010111010100101101111101011101000011110001000111101110111101
1111010000001110000110010011010101010111101101000111010101110010
0100010100110100011110010001000010011111000111011101011101011011
0111011001111010011101010110110001010010101110011100111111110100
0001100101011111010011110001011000010010000010111100111111001010
0101011010001010110001001101010000001101011100110111110111000110
1011111110011111101001100110000001101011101111010010100101010110
0100110011001010100000010010001000000110001001110110111011110111
0110111110110111001001011010011110001011000000110101100101011010
1011010000001111100001001110111101101011101000100010010000001011
0000110001001010100111001011111100101011000100001100100010000001
1101010111010111100010111000011010110101111100000001011011111101
0001011111001010001011011011001110111000010101011000100111001000
0000000100011101010001001011000110111111011010101110101011110100
0010011000011011101101111111010001110100011101001110000110001001
1011110000110011101111100110011101011101111110110001111010100011
0110110000101001111110100001000111110101011101011011010110111100
1101000010010011000111001111001110011111110110000000010010100101
1101110110010111110111100011010100111110000110001010110111001000
1100101100101011001011011101001100000111100010011000110110011010
1000011100111011111110100101001000100100010101101101000101001011
0000001101000101001100000001101101011100111010111100010110100011
0111010100100011101001111000000101101111011011011000110110000001
1101101000110001011001110111111110100111000110001000011001101101
0001001101101100000101011001100010000011111110111111110000001100
0000010101111010111111001011011001000001101001100110100100100001
1001000000100100011111110101011010101010011011110000001100111111
1001110010000101101011001010001110111101010000000111001111101101
1111111110100110101010001000010010100010111110011011100010100001
0101101010000000010101111111001110111100000111001111010101111011
0100011011010100101111000000000110100000101111011010100101011110
1111111011111000100011010101011100101101110010100100100010001101
0111011010100000011111001011110001001000101100011100000010001000
1100101101100110101101100000100010011101000001110000101111111001
0000100101111110001110111000100000101001110010101000111011101010
0000101101001110000111001111100110011010110100101000111100011101
1011111111000010011110000101001010110001101001000001000101100110
1111100110000110011011100001011001111001110110000101101101110011
0000010101101000110011011110110110111010001000110001001101110100
0111110000100100000011110000000010000010111101001101101010100100
1010101000011010100010011011011000101100000101100111100010110110
1000011010111110001110101000010111101000000101100011100111100101
1001010011001010101011111001000111001110000011000000111010010010
1011001011100110110100010000110101101011001111111000111000101100
1011111100101000010101111000100000001110101100000011111111011111
0111110101110001010000001001100010100011101001110101011101010110
0001100101001001100110000011000110101100100011010010000100010000
0001100010001110000001100111001111001110011101001011110000101011
0011100001101100100111001001011011001011011001011000000101010000
0100000011100001110001011001001101011001100101111000110100001001
0001101111010011011001111111100001011110011001101111011001101100
0000111100111110111000101001000100001011111000000000010011100100
0110101010111001010101011001101000101001101010110001111101100100
1100000000110100110111110101010011111110010010110101011100111101
0001100101110111010100000101011001110110100001011101100011111000
1000000010111100111111001000001001000000001100100000101010000001
1001000000000110100000111111001100100011000010010111010111001001
1000010110110100100100101001010101101000010110110111111000010001
1101110010100010000111001111001101111010101001111001111010000010
1100001010100011000100000001001110000100010110100001010110011100
1111111000011001011111011111011101010000110111101111100111110100
0010011110110110000010000100000101101001110101000001111101011100
1001111011101110001001110011101000010101001111001100100011101101
0010000001011001101010111110101001110010001011100001011001110100
0010001010001101110000011001101011011010010010001100100001000100
1010011111110100101001111001101011100000011001010100100101001110
1000010110000101110110100110110101100010111011001110010100000101
0101000000100110101011111011111000000100100111010111110110100010
0011010010100001110011101100101101111010110000110101001000010001
1110100111111101001000011011100010110000010000100110110101010101
0000110100001100100011111111101001110110100111011111010011001000
1011001110001001010110110011110111101100001101110011010001001000
0111110100110101000110001100111001010010011110010011010101011111
0101011101001110010011101101111010110011001111111110000110100100
1101111011011010111010011010111001010001000110000010000011110000
1011111011000101000011011011001110101101110010111010110100110000
1001001011001001101100011100110011011111110011010011100100100000
0101010011010111110010011111000011100010011100011110111001111100
0000011010010100110010111000001010110000101000011010100100000010
0000011010101011111101110100010111011000111010011001000101111101
0111010001111101111100101101000110110000001001100101110100110111
0100100010011101010011111010111011101100110111011101010111001011
1001000011101101000001111000010010010100101011010110011011011101
0010110101010101101100110011000001001000000011100100101111011110
0110101001110010110111110011110001010000001111001100101011001001
1001001110000000111010001000111010010111101010011011010100011101
0000011110100000011010101111100001111011100000010110100010010011
1101111001110101110000110111111100011010011100100010001001000100
1001011100001011100010101011100010110010011101100100111011111000
0001111101010001010100101100111100101111001001110011011101101010
0010110001101111011010110000100100001110010101001001110000111110
0011000000000010000000000011110011110101110010011111111100101110
1110100000111101110011110011001010000011011111010111010110111000
0010111101111000100101101100010111011001111100100000001100100010
1011000000010101011111011110111101010010000101000100111100110000
1001111011101011110111000110111000111010010110001001111011000011
1111111101100101101100010110001010011111101010000010001110101100
0110111101011011011011001110000010001101000001111011101011111100
0001100011100111100100111000101010100011000101100011101011111000
0110100111101010000110011001001011111011110111111000001111011011
1001111000100111011111111010000100000011101011000011000101010110
0101111110001001011101100110101011011101101010000000001011011001
0110111100111111111010100011000100110001101110100001011110111100
0011100010100111100110010001011110000110100100000001010111010010
0101000101000110001110001111100110011001011110110000010100110101
0001001010110111001110010000111010010100110010011011011110100110
1000111001010110011111011101001110111010110100100000000111111110
1110110101110001100101100000010110010011010000010111000101011110
0011101010100110010001010001111101111010011010101001010110101001
0000110011101001100100011100010110010100101100010000001110101101
1101010110001001001010000110101111101110010001011001101001111101
0111111110110011001010011001001101100101010001010010111110010111
0110101111100110110101110111101000110010111111100100011111001101
0111000111100100001010000001101101100111001010111101001010000001
0001001110110101110010110100010111001001110111100111000000100100
0000111000010110010011111100001001100010001010101011001101001101
0011011101101101101101101100110110000100101000100110110111110011
0110001101001111010011010111000001011011101110000011101011010111
1111001101100011111111011100001111111010111010111011011111110011
0101110110101010011010010000111101110101110100011000010101010101
0110000111001011111011011010011100000101100101111000111001110010
1110110101110110000000111011111110101000110011101110001101101001
0111100010001110111001111100010001011110011010001011010011000001
1010100000010110100110011000011001100111001110001010100011101010
0000011110010001111100100100011010111110010101011001010101100111
1101101100101000010111101000000001110010011111100001101111001101
1111000111010101010001001001111001100110111010100100100110111110
0101010101011010001001011001100011110000111101000111000001111000
1000010011100110001111001011000010000110100010000100000100111111
1110001101011001000101110011100001110100001000001010100011010111
1001100010000001011000011101101000101001011110101111001100100001
1111101110111110000101100000010101001000000100001111111111010000
0100011110110011110101011011011110101101010010100011000101011100
1101011011010111010111001110100110110011101010000110110011011101
1011100000110001110000111101101000001001110010011111111101101111
0011011110101101000000010110101001000100100110010111100111111101
0011001110000001011010000001011000101011001010001011111010011011
1110101001110011111010000001010000100000111011110001110101111011
0100101010001110010010000011100010011110100010111001011110010000
1010111000100010110111111100111010100100101101101001001010011110
0010011111111100100110001010110011101110001101001001001010010000
0100111110100111001001110100111111111101011100100011001111110001
1011100101011000000000000111100011010111011011000100111011001000
1011011011100100011011000011111100011111111101011000111011000010
0100110101001010101010100111011101100111000101001110010110000100
1111010001111001000110010110111101010010001111011000000110010111
0011111111001011000010111100001000011010011001101110110111011000
0101101110100011000100000010000111110101001000101110101101011111
0111001111001110011001110111101100101111101101011101000011010001
1011001010010000000001111011010100100100001110000011101110011000
1000000000110111110011110011010010001100110101111001101110010000
1110111100101110011011011110001000001010101011100010111001010100
0101110111001010010010000111000000010111011101111101010101110110
0111111111011110101101011000110110010110111000001001100001100110
1110000010100011000100011100000101111011000111101100101111011100
1010100001101101001000011010101000111101111110110111101111000010
0110101011110111010001010101011001001001010101010001000101101100
1001110011110001101010010011010001000100000101011011011011111111
0010010101010101111110011100111010100100010101111001000001100101
0111101101110001010001001110000010000100101011011010000001111001
0000000011011101010001111100110010010101100100001001011110001101
1010010001011011001110101111001111010011001101111111110110101011
1010101101110000100010100101001001011110111111000100101000111100
1100100011000000010001011111111110010101100000001001111100111001
1100001101110100000100110011000000000100000100111011110100101011
0001001101011101100010001000101100101011001001010110011100001001
0110000110110001010100001110100111010011110101111111100010110011
0000001110100100001101000000110101101001011101111010111000011000
1001001111111111100111011011111001100010000111110110111101011111
0010100011010000100001110100010000001010101111111011010110100001
1111011101100111011100001000110001101000000101110110010111010001
0100111001000011110101010101110101100011110110111101101011111000
1100100011110100101000011011000000000100010010010110110101100010
0010001101011111100101111000111000000010001111001111000100100110
0101110100111101010101001010100101011110000111001100010011110000
0111011010111110001101010001101011010010110001000010110001111001
0000111011010110110100000111011011101101000010100110000010111000
0000111100100010111110011000100111111101011011011001010010010010
0101010010111010100110100100110111011010011110100000100101110000
0100011111010010011100010100011101100001101100001000101011101101
1000101111111011100010111111111111100011001000100001001010100111
0011010001111111000000001011101101010110000110111000011100111011
1110011101100010001100110001100101001100100010110100011010111011
1100110110101010110010010101011110011010011001100011101100110000
1001100110100101100011010010000100001101010010101000011011101101
0011101010100011010011010011000101100110011100111101011110111100
1101011100011100100010001111100011110001000100011101110001111100
0000110011100001100111100011101100110100110010011010111110000000
0110000110010010000101110100100101011100100100101100101010010100
0000010111100000000010100010000001111000100100000111111101011100
0001100010001010110001010110010110000000110101010111010111111011
1100010001000000101011100000001010011100010000101101110111100111
1100000010010111001111111010110011111001101000010010101101001001
0010101011111001010100000101111010010001001101110101100101000000
0001011100100011100011101111100001101101001000010111011101000110
1101000101100010001101001101110110110100001010000101010011100000
1100010001010011101000011010011101011010101010000001100111110001
0110101010000001110001001101011101111001111110111011011111101001
0001101111011010010101100010011011011100110010101110101011010000
1101010010111100010101111101000000001110111011011011101001001000
0111000000110010111010111000011011100110100111100101000111110100
0001010111011000000101011011101101101001110011001100001100001000
1110000111011010101101111000111000111111110011110010001011100101
0010000010001111010100001011101011101101001101110010011100110010
0110000001001111100100111000101000010010010101000110111011001110
0110000110001011111001001010010100100101101001000100101101101000
1010101111001001101010001100011011001000101001110010010100101101
1101001110001001010100010100100110100100011000110101011001000111
0100001011000100001110111011001000000111110111010011000101110011
0111010111111100011001001100110000110011001011101001001110001000
0110011010010000000100111110111110110110000000101100001011110001
1101101001111111001110000001101101100001010001000010110110011011
0000010011000111000011110001100100111110101100001111011111001110
1011101001001111100001110000010001100100011110011111010010111000
1101000110111010110011110000010100001101011010101100001011100111
0110111001011110001001011000110101101110101000011001101010001111
1100100111100010111110010011100000011001001011110101100011110100
0000101000001010001100100100011010010110001001001000101001010100
0001010100110101111010100101001110011100001101111001110111100110
1000011010000101000010011001010001100001100110100011010001110111
0011111001001111001111000001011111100100111011111100011000100010
0011110001100011011001101001011000010101100000101011000010001001
1110000111010010101111011101101100010101011101111111000100111111
1001001100111101010001100110101110010110001010100111001000111000
1110110110011001111111000000010111000011001100100001101101110011
1010011100111000110001101000111011100101111000010000011010100110
0110111101111110100100011101101100111110000011011110101110000101
1100110000110111010011011110101101011101001001001010011011000001
0010011111000111101010100001011000111100000011010001111101011101
1111000001111110101000100000011101100100101011000101111001100111
0010101001001011011110010101001001100110011001001010101100000001
1111111010001000011110001110101010101101100100100110010010110000
1101001111001001101100011110000101001010000110000001111111011110
0000110100000101011011010001100000000100010000000110010110110011
1000111010010000011010110100111111001010010110110001011001000011
0001011010101000001011110110101101111011000011000101101000010001
1101100011000100000100100000110011101001101101100100110000010001
1011101011000110110010000010110100010011011110000111011110100011
0010010111111110000111100100000010001000111110001000011011111000
0110001111111111111011001111111001011100000100011111111110110101
0010101100101011000010110100111110000011100101110111111100111010
1011011000101000101000011100000101111010111001001101010100110011
1010000111000111010011101011100111000101100110001010000001101010
1111010110000111011111000010001100101111011001000100000011000101
0100011101101011101010111000001001011000101011111101110111011110
0010010011100101011000100001101010010101110000000011110000000101
1001011100001000000000100110010001110101110011010100011111100100
0010110000101111111101001111110010001001110101100001000010111000
1101110111001111100101110001011111110111110110010001001101000110
1111100101000111011110000010001011101110001110111000100100111001
1111010100110100010001101001010011110010101101000100001110100001
1010101000000111111101000101101101001000110110011110111011101001
0001010010110100010001010000010111101100000001000010011101110000
0001011111011100111001110001101101111110100101010010000100011101
1111111111011010110101100001010000000100111100001011110100101101
1101000111011011000101110010000100011110111011010001110100110011
1100110011000111010111111011101010101100111011000001100010101000
1010011000110011010110000101001001001000101000000001101110111101
0011010000000100110111111011100000001010000100000011101101100110
1100010000011000001000110100010011010011001000011111101100000001
0110001010100101011101000111010110000010010000001011101111011101
0101110100101111011000100010011010111010011010100110000000001010
1111010000110110001100110100010111100110000001111101111100011110
1100101010110110011011110010010000110100011010110011110110111000
1110011001101101110000110011100011011010000111111101001101101100
0001101010100010110111110110111101000011001110001000011001101001
0110101000000000000000000110000110101111100100011111001001100011
1100110011110101110010100001010101111000100001100111011010100111
0011111001010101000011011111000001010001001010011010110010110010
0101000101110101100000111110100100110111101000001100001010101000
1100010100011010101100101000000000101000101101010111111001011110
1110100011110011001010111100010111001100011101111001111001001001
0000001001100111000111110101100110010000001011011111100110011100
0001010101010111010001011100000111101000000001000001110001101111
1001000001111001010000111111110011100111011001100111100001011110
1100001010011000111010111001010101111110100010111110000011011011
0000000100100010001001001100110100010110110101010001011111000111
1011010011001100111110001110010010111100001110001011000100101010
1001010010010100011000100001111110000101101100010011110010110000
0010101100000000111100000001011001100010100101010100001110100101
0011100110001011000100110011111101111001100001110101110101000011
1111000000101000000001001011011001000011001110111110001111010001
1110101011000011011011011101011110100101111101111111111001101100
1010110101100011001111010101010011110000101010001101110110111011
1011001101101110011110001011111110100111001101011110000111111011
1001011100000000110010000011001101000111001100110011000101010101
1010001101100100001101011111100001101000011100000011000101010000
0011001110110000100000110101110111011100011111000010000001010011
1100110010000110000010011101000110100111011111111001110101100100
0010110011101010110111100100000101001111101011001000001000100001
0100011011110000010110001101011011001011001100100111011010101010
0101111100110111000100010101010011011101100111001011101000100100
0100100100111101010010100110000001000111000010001100010001011001
1100101010010101001111111100010100001100000011100010001101110010
1110011010001000000100000100111011011100011000011101111110011111
0101111110110011000010111111101010011101001001101100010011100011
0111011100011011111110101001000000010011001000111000111001000010
0011010111101010000101010110010110100000010000011000111100111111
0100101010001011010001000111010000101010111110000110100011011111
0001101110001101000111101001011010001110110101110100101011000000
0101110001110010100001110101111010001110010000000100000101000011
1101001010000011010000101010100101100110110100110100010101010011
0011101111110101010010101111101110110111001000100011110100011100
0000001111100010010011011100011001001001111100101101000001111000
1000001010110110110000001000101001111110101010000101010000101011
1011110000010100010010111110111100001110111110000011000111011000
0000110011101001100000000101001010011110100110010111001100001110
0110001000100111010011101100111110101011100110111010110001000011
1000111010101110101100010111101101111010110101111001011000001001
0100111001100111000101101111001000111110010100100000010011001000
0010100011001000110111101100111100100011000010001010010100011101
0111101011111001011111111000101110100100110001000101111110100110
1101111010100000010100111001010111111110000010000000101011100111
1011110110010011011110000010011101100010111000100111111101011001
0010101111001011110101100101101111011101100001000101111000101111
1110111000100011010101011011010010000011001010001111110001101100
1100001011101111010001001100110000010100011100010000111111010000
1011011000111011000000011110001000010111010111101100110010101110
1100011001011110001110100010011100100100000101100100100001010101
0010011001110000101001001111110111111011001101110010001100100010
0100111010100100010000011110001101111110011010010110000000111010
0101101101111100001001010011100010010011001101010111110001100110
0001110100100101111100100011101101111110101110010011000000000101
1001001111110101001100011100111111111010011011110101011001111011
1001100111100010100010100100010001001110010100010010000001001111
0001011001000101111101011100110100111101110100100000000001011101
0110001001000100001110101111011010101001000011101101011111000100
0001001011001010000111000010111100010101000000000000101100101100
0001110110000011100001111101000010110110011111111010111110000100
1111110010101001110000101110011100010100000001000001110011110111
0001110011111110000010110101101001110000001110110100010000100100
1100000100100110101110011000011001110110000000011001001100101000
0001011011010001001000001111010000101001000101111110110000100111
1110011111000110000001010111111011001011111100010010101011101001
1010011011011100000111101010000000111100000111101110011000110101
0000100010000101010001111111111000001001111011111100000000111010
1111100001101100100100011011101101011011001000110000101000110111
1000010111000100000000101101011011010110111101011000011101011100
1101000110111100110011110000111101101100000101011010010011111011
1111011001010000110000110111111100001111001101000110111100000011
0000000100100100010111011110011100000101001101001111100101010111
0001011011001010000001111101010010010010000010111000000101110010
1100110010110011000000100110011111101010011100110101110000011011
0100111101010100111001100010000101111100000100011101001110101001
0100100001000011001100100010001111011011001111100011010000011101
0001101101100001010010100000101111000111001110111111100111100100
1001011010101101111100110010001111100111001001001000111011000100
0000000111111000001110000000100111000111100101011011100110110101
1010011111100101001100001110011001000011001111110010111011101011
0100001011111101010101011100110011111010100101000101110101001010
0101101110111110101100010101101001101000000110101010111011001001
0001110010101001011100010101101011110110110101000111000000001110
1011101000001010011011111100001100110111100001100110010101111011
0100110100010000111011110100000000011001100000011100110111000100
0101011010011111111100001101001110000001110101101100010110001000
0001110100000110001011100100011101100111100001111100010101100010
0100000100000001011001000111011001000000000101001110000100010001
0010111011100100100011001101011110110101010100000000101111100011
1011101000111100100000101111001110010111011110011111011110110011
0111001110110111111100110101001111100100000100110000001100110110
1000000011111010101000101001011111110010010011001000010000011110
1101101111110001101101011111000011110010001010111001000010001010
0100000010110110101100110000101111001000100011100000000011100110
1111011010000110000011010111000011101000101001000101100011010001
1110110111100111111111010001001011010001111011011111110010011010
1100010011000101110001011110110010010110001111011111111100110010
0000001010111111010010011010110101101101011110101100111011100101
1011101100110110000011101101010101100010000001101010001101010101
0101111100111111010010011001101001000100001010011111001100111101
1010010000001101111010000000111110010110101000010101100101010100
1001010101111000001001101011111101001110110100101000001110000000
1101110010001100110010010010000000101101111100000111110001000011
0010010000011111111011010100001101001001001101010110110010010001
1110110010011001000100001101111110100010010001100100100100100111
1110000000000101101011000001011110011010001011010110001111100101
1010101101011000101111010001010100110101100010100011010101110101
1111000010010111011000110100011111100010100010000111001011001101
0001000010100010000111101101001000010101010010000110010101011111
0010111011001110001000011011011011010011110101111110110011000000
0110100101100011110001001100110110110110101111001000111000010010
0100110000101111010000100010010110101100001010010010011001010000
1101011100110001111111101101111110101010001100110001011001001111
0000001000110001101011101111000111101110110110111101010111111110
1000011001110110100001011000111101111111110100111001110100100111
0001111100110011010001000101001111100010010101100101111001111011
0111011001010100111111001001111100100001100010110001010011000000
0010011101000001111100000111001100001011000011001110111110000101
0001011011111100011000110111101010101000010111000101011001100010
0111111000110011110101111000110010101011011000101101011110010100
0001000100110000000100011111110110110101010000010010001010001011
0000111011111001001110001000011100010000110000111001001000011111
1110110100000010011111010001100111010001111100100101101001101000
1111111101000101111100110000000010100010110110000100101111000100
1010010010101001110001011010000100100000001000110100100001011111
1101011110000101111100100011101010001010110011111011110110001110
1111110001010101001110111001010010011011111010011111011100100100
0101101110100000011000011111010100111011101001101111000101110110
0011110001100111001001111110111101111000111010101100111100101010
1000000110111111011101011011000101101010000011100001011011011100
1101001111011101110110010101000001000100100001111000000100111110
1100010000111101001100010010011100011011001001100100101010001000
0110011101011010101001010000011110010101001011100110000110100010
0000010110001110011111100001011011100000100010010001011100001111
0011011110110010111101001100000111100000111001000011101101101000
0000110100111110001100011000111011010110100000101001000011000110
1001111111010001010101100001101111111110001010011011010100100100
1011011101110111110100101001011000101100111100010110110101101011
0001100011000101010001111111100000100001010010010100110010111010
1010111110000101010100010011110111000001000010010000000100101001
1100010001000000100000010110100110101010100001010001100100100100
0101110100101000011111111010101010110101010110101110000011010001
0110110000100100011000111101111101100110111011101001010100010011
1000100010010110000100111100011111111100010010101110100010101000
1000011010110111010111011000010000111100101010111100001101001111
1000110010100100111000011101110110001111011010001100011101010000
0110101011100110000011111111010000000111101100110110110000001000
0010101000111111000100010111110000110110101001110100001100100110
0001000111111100010010010111101000110001101110111000001011011011
0010010101011110101000000011011000010001101011000010011101100110
0111110101110101101100011110110111001110011101111010101001100101
1000100001011101000011001110100001110110101011011000010100011001
1110100001001101010100111101001111100100000101101010001011111000
1001000010101101001110101011110001111110110000100110101100110011
1011101000100000010010110001011000011101000011001100101000110110
0100011011100001011001000101000010110001000000100100100010000000
0000011101101101111110100000101000011111110011011010000101100111
0000110101011010001100100101000101101101011110110110011100010011
1000101111000011110100111011100100100011110110001010101010001011
1101000001101000001110100101001100101111011011110001111011010110
1101110101000101000001000010100011100111101011101011110101000000
0111110110111011010000000110001101011101010101101101011000110011
1111010100011010010101010011101000011010011010100001101010011000
1010011100010111101001010011111001011111100001011000111100100011
0010100101110101111000001001100001100001101011010111011000110110
1110010011001100110000010010100110111100011111100000001111110011
0110000001111010011101100000110000000010001001111101100011001010
1110011011110010111100000100010101100111000110001111011000010100
0010001100111101100111111110000100000010001110101001010100000011
0110110110000100000110010110100011110110110111100110101101001111
0011011011000101001101101011010000110011000101101001010101111111
1100101110111100100110001101110011111010010001111010100010101100
0010010101011000010111100000010111101010010101101010110111001010
1100000001011101000110101101111100001011111100111101111010011001
1000011110010011101010010010011001011110001010111011101010101001
1011011000000011101001010110111011001001100111110010111000100000
0111101010101101001011101111011100010100110011011101111010101110
1101001011110011101010011000000000101100011000100111111101001000
1100101010100110000000010101110001110001001001010110001101000100
1011110000100101100011010010100100001010010100110011100000100110
0100000010111001100011110110000010011001111111111010110000000001
0101100011100100111111111101111101101101101110011110100010110111
1100100010111010011011111000011110111001101100111110100111010111
0101010100100111010000010100111111111010000010011111001110010010
1000001110011100110010100011000111000110101011100101011000011001
1100011110110001110010100100011100100000011001100001001101111101
1111001111000010010101001010000111001010001110101010000011000111
0111010110110011101111000001100111101010110100100000010100110111
0101110111001101010000011110011101101001000101010001111101010010
0111111010100001010101100010011010101011110001100010100111010101
1100100000110110111110101011001010100001100000010100010000111011
1100000001110110111110001000100100110000001010110001001100111110
0111101111001100100110001110101011111001101110111001010111000101
1100011010110000010111100010001111000101011001101000001100110100
0111110100100100110010101000101001001111100011001000010000111001
0101010110110010010011100101010010101010110101110011101101001100
1000110110010001101001111110101011000100011100111101100000010000
0000100000100110010101000100000110110000000100000001100011101001
1110000111100111011111101101110101110110010000011100100001101100
1011100111010111010110110100100011011000111010000100001111001101
0010110010111001010000000110010111000101010100111011110000100100
1010011101010010111100111100011001111001010100101101001110101101
0001111011000100101111101110110101010100110100101010011011111111
1001101100101011111101010000111000000001111100100100011101011010
1100101001001001111000011110100001001101011110110110100010001101
0101011010110100111001101101110100100011010011010011000000100101
0111000101000101000001000100011010101111100110111100001010101101
1011000000011110101110000000010000011010001111011001111110100101
0001111001101000001110000101000001101101101000101001010100001001
0001010011100001111110111100111111101111111011011110011011000011
1011001000111100101111000000010011010101010000010101101111111010
1110011100111011001101001110101110010001110001001110011110110110
1111000000011000100000001110000001000001001100110100100111101101
0100111101010111001000100101111101010111011000100110100000110111
1101111010100100010100100000000111101000101001101010000010001011
0101100011101111000011100101101110101100001100001110111110101010
1000000010110010001100000011000001111011111111110000100111011110
0101111101100011010010111011000011000010100110011000101011000111
0000010111001011110111000010110110101011001001100110010111101001
1110010110100010111011011010011100001111111111100010110010000110
0011001011101011001110011110010000010111011101110111101100011101
1010010010110010001111111000111100100011010111011101010010110111
1000100000101001100101111000110101110011110010011001101110111000
0111100010111001111000001000010011001101010010010101011101000100
0110001100011110101101001010010001100111011000000100001010010001
0001001000111101000001001110111010011000111101110100110111011010
0111101000010111011111010000000001110000011110001101001011101100
1001001001111001111111110111000011101100110111001100110001011011
1101011001001110110100001001110111110111001011011011010000111010
0001010100011100111011001100101100101000111110010110111000100101
0110100010111001101001001111111111110111101110000110100000111011
0111101100011000011011000000000111000100110111100101110110111110
0001010011011100100101111010110000011010011111001101101110100010
0011011011101001011011111000010001101010011011101111100000001001
1011010101101000100001100110100101101011101011001010110010111111
0101011100110010011011110100100000101111000011010110101011010011
1111100001011000011010001111001110111111010000100101100110000111
0010111100100111011101001011010111001101001001010011010111111101
0001111101001101101110100000011000010001110111100110000110111011
0000100010100001111010111001110110001111101010010101111000100111
0110100011101001100111011110101100001011100110001111010000010101
1001000101110100000100001011000101010110000000000011010110001110
0001000011100110110000110000010001011000010110011101101100000110
1011000111100101001110100010111110100111011110001011100010001110
1101100100100111100001101111011110011110111011001111001011110010
1011001000110100011100100011110001100000101001000101011001011001
1010001011101000010101100010101011011011100111100100010111001001
0011011100101000110011111011111010001010011011011010011101000100
1101101101001111010011111101110101100111000011011001100101101101
0111101110011100111000111001100010111100100000101001010000011000
1111110101001011101111010011011110101001100000011010001111101100
0110011001111011100001000110100001000101010001011001011010011110
0010101011110011111110100111010111001000111111001110010010100101
0110001000110011100111100110010100101110001010001000010111000110
1100110011010111001100100011010000111101000110110001110011101010
1100011101011111111001011111000001100111110110000101011001011100
1110100111100001011010000100111001110010100110001011110100101101
0100101011000011111100011111001101000011111000001011101010000010
1111010000000000001101101111101111000111111111101111011100101111
1101100110111100000111111111110001101110100010100100001110000110
1010111101100100100100111000001010111010000110011011110001010000
0000101001001100000111100001110011111110010001010010100010111110
0101011000101000101111110010010010100000111011000001100011110101
1111111111111011010101011101001100100011000011011101001111000101
0101110100011100101011010110110011011110001110100101111111010100
1100110111011010101110111110100001010101101000100101000010011110
1100101001011011001100100011110000001110111001111011111010000111
0010011100101100011000111001101001010101100110011011111001100101
0111011011101010110110010101100110110101000011101100000010111000
1000101011010001110001100000101011011001001110011101101100110001
1101000111000011101011001011101100110101011110110101110100110110
1110111000001011011100000110001010110001110110100100100000000011
0011001010100010101000110100100011010101001101001001100110111101
0111001101110100110100100100100000000110001011101011111011110000
1110110010110000001000110100101101100110110101011110001110011110
0100010001010111101101101010000101110100011101000101010001000010
0000101001101111011110010010100011011001000011100010010010101000
1100100101111101100010000111101100000010001011011001010010110111
1100100001010110010001011101010011100100101011110111101011111000
1111000011011000000110000011111101001110111001110010101100111011
1000010011011000001000111010000001101000010001011100111011110001
0101110101101000100001110010101111101101000101011101111100001110
1010110100110111100010011111101010101010010100101110101011100110
1000111101110111001001100110000111000011100110111000101111111100
1010011101011110000010111110010110110011100111000110010110010101
0111000000011100111011100001101000110001111100101100110010100110
0100101001000111111001010010110110111000111001000000011011010110
1011001101100010011001000010101110000100110100010011010010101111
1010011011000100111101110101100000110011101010010000110001100101
0010001011011100100110100111110110010111001101111101011010011101
1011101000001011010101011011110101011100010010110101110010110000
1101101111010110110011101011000100011010010110011110000101011001
1100001000110100010011000100011101101011000011000010010110110111
0100010011011111100001000101010001100011100110100110101001001010
1000111001001100110101000100110001100001111000100111110010000000
0100101001000100111010111001100000000010011010011000101110000000
1010011000010011000100010010111101100111111100001011010001100101
0000100001100101110100000100111011100000001001100011000110000111
0010101001101000101011010100110011011000110100101101101000111000
1100011011100000100000000111010100100000111010111010000100001000
0101001001000111011101000000110101101000000000111001100011100010
0100001011001000001010101111000101110101011110010111010100100111
0101000100101011000101100101101101011011010011010011110010001101
0001001100100100010000110010010010111001110000110101010110100100
1100111011110001111011010001001110001001111010101001011101010000
0001000100011111110110110111110010010101101011111110010101001010
1111000000110001001001001010100010001100111110011011100000001101
1011100011001101000010011001101011011100100011110110010001110011
1110010101010100010010100100101111111011011010111101000110101001
1111101001001111110111010001100001110110000100000010100101010101
1101111101001011011001001101110101100001000100101110100010010110
0001110110111111010011111100011111001100000110100000011010011110
1110100010111110011000100000011010001010010100000110000111001110
0010001100101000111010101101100101001001110001000010110111111011
0011010111001110111111100010001011001000110010000101001011111101
1100110010110110101000100011011101100010100101000011101111100100
1101110100011111111100110111110100110000011100000111101111010001
1000101101010100001011100100011000010010111000011010011110110110
1111011011100001010011000011011100001010111000110101100011100000
1101111100011101111110111100101001010001011100011010110100011101
0001110011101011010100010111000101011101001100011100100111011000
1110001100100100000101111000010010011110001101010111100010101001
0100111000100010001101101110010111011001010011010100101000011001
0001110111000110011110011001010001011010101010011110010100010010
1001010001111111000001100110111100101111011110111001011111000101
0001101101100111011001011110101001010111110100001111001110101101
0101110111001101001001101001001000000010100011011001100110010001
0011011010101011101010100011011111100101100001100001010010110000
1100101011100100100110111101111100011010100000110001001101000111
1101101101001111111001100010010101100010111101010001100111110111
1101000110100011110001010110000001110110000001111001010011010011
1011001110110100101011100011100111000000010111110101101110110001
1010101101111010011000001011001110101101011001010101011111101000
1011011000110001010010000010101010000110110101100111011111100111
1001100000100100111010111101010111011011101111011111001000001100
0100000101010101001000101110100001001100000111000111001011100011
0101011010111111101100010011011100110101001110100101011101110001
1111001100000000110111111111010011011100000101101101001001001010
1011000100011011101100110100100011101001100010110101010110100110
1101101111111000011100100110001101001000000101110001101100111001
1001110000011100100100110010100100001111010001011111010110001110
0001011111100110010000000010101011010000000010001001011101111000
0101101101001011011110000110001110010000001111100000001000101001
1110001111010000000001011101101001100010101011101010100010011100
1000110101001101001011011101001001011110110110111110000011101000
0000000101100011001000011000011010111000101000011100010111011100
1010111000010111100000011101101001100111010100111011000100001110
1001101011001100001011010111000101111011001101010000101100010110
0001011110101100001111000111111000101100111001001111001011010110
0000000010010110111101011100110001101011100101001100010100111110
0010100010000101011001001001100111110000111101001001000101011100
1111001011101011111000100010110011000000110010011001000111110100
0110100000111010100111001000011111010010011111000110101110000101
1100110011111001100001110111001001100011000001101000110010000001
0001011101010111111110011000000111111001110011111101111111001101
1101001000011000111011001101100000001101101110111000001110000100
0101100010100000110000001011001110100100011011000000010010011100
1010111001101111101011101111000110011010110000100100110100101110
1100101010010110011110001010110001111100001001010100001110111011
1001111000100100110111010000000011100101110000001001101011011101
1101001110111100010101000010010111000100011100000110001011010110
1111000010101100110011111101011101100001111110010000110010110100
1101000001000010100000000011010100110010011101101100110010100111
1110011111010011000101010100010001000110011110110011000000111011
1110101011100110100111110011010100011101111011100110011100100101
1010011110010010111100011110011000100100110010000001001011111000
0110100010101001101101011000000010110101100111011110100000001111
0011111000101111001110111001001100000010000010111100100001110010
0010111100100001101111000011101100010100111111110011100011000011
1001100001101011111101001110001100001111010101000000101000100101
1010110010101111001110000110001011111001111011111010011110010100
0110111101010000111000110101101000101101101111110101100001101110
1111000101101010001111010000101100000000000111101001111001110110
0100001010001100010101110010000000001011111001010000100010010000
0010110001010000011001111101011111101010100011100001001010011011
1011101001100111010101101110011110101111000000111010000010011101
1111001100001011110000001100110100001000011100011100011000110100
0101100101100000011111110001000001000101001111000101101000011010
0101110100101011011000100000010101011001011011010100000001110110
1101011000010110000111100110101101110100101011000101110110111111
0011110011111110011101001001011101000100100011001111011100010010
1000010011110010001100000100010110011010101111100010001000110101
1010011111001111010110011001111000010101101000010001000010001110
1000111000000101011100010001101001000000011011000011001010011010
0010011001100101010101110010100000100011010011110001001001101011
0010010110000110100100101011110001101000110011110100101011100100
1011110010110110101101100010110010011001101100000111000011001110
1100100110011101001000100110100001101001000000101011111110100010
0010100101001111101011100000101111111010110110011101101110101101
0011001010111000110010111001111100101100001110111110110110110101
1010100010001101000000000000101001000010010011111110101100000001
0111101100000010110110101100100101011100111000001011111011011010
0000010000000001000100010001000001011100001101001011010101010111
0000001000100101010011000111101011010111011000111000101110000011
1010100101101111101111110101011110111010001010010101100100111110
0101100111001101000100000010010001001000111100101011100011010101
0110000101010001011101011111001001100101000111011000000000111000
1101010111111101111011101010001111001011110101111011111010101010
0110011110001111011101011100011000011110000010110010010100111001
0001100110101111001000100101000011010010010100100011000010010101
1000000001010111000001101010111111110000111011010111101001000110
0010100001001001100100101100011110000011001011111100100100111001
1000100010011111000101000010110011001101110011110110010011110001
0001010011110101000010111001001100100001101001110101110111000000
1110000111001000100011000101111010011111101010101010010101110111
0111010001110101000010100100110101011111001001111011111100001001
0100110000001011100001111101011011101010010101000111011100100000
1010000111001011111011101100010000010100100001011000011000100001
1000111001010011111011111010110011111111101001011000101000011000
1111100000001011011101011011101101101001001110111101001010000000
0011000000110100111111110001111110111010011001110111100011101000
1011001011010110000011101001001001000111111101111101000110101101
0100100000001111011101010011101000100000000100110001000100110100
1100011001010110000110000100101111010111111101001100010010101111
0100110001110110111101000001110110101101010100100100001101000001
0011000111101010110001101010100011000110000110001001101011011101
0111111010110010010000101001101100010101000100111111110110010111
0100000011110100010111000110111011111001101100010101111001101001
0011101100011111100101110000101000110010100011011110111101001101
0000110010011101110101110101000110111000000011100110011001001111
1011010110110011101001010010101010000100110000011011110011010110
0001111011101011011100111100111110111010101100001010111111010101
1010110000001100011110001010110111011111110011110000100000001000
0000101010100111110111001110101110000001001111101110101100010000
1110101100110011111110011101111101100011100000011001010010010001
0111100001111010000000001101010111110110111000001001010011000101
1110010000111010001101111111000001100011110110100110010100000010
1110110111111100101101010010001011001100100001001100001110110111
1000100011011001111110101100101000001110110101000100010011110010
0100110001011111111010101001000110001011000100011010110100010101
0011101111110101110110111100010101101110101111111100110010101110
1011100011111110010101101101000011001001011110011011111111010101
0100001101001000101111000101000111010001100101000011011100001100
0110011100100011011100101000010111101010001001011000100011101100
0001100110011111000010111011001010011011110100011100110010101101
0001000011001110001111111001011110111110000001010111100010010100
1011000110011001101101000001000011100100001000111111100010111001
0011100110110000111010000011101111110010111010111001111100000000
1000001001011010110000101000111110100111001010011000100101101010
1110011011100101101110101010101100111101011001100111001010101001
0000000001101100011101100101010110011110011101001111101001000100
0111110110011111100011001111000010001111111000000011110101110001
0101100010000000001110010001010110011010101001010001011111000001
0111001000011111000000100011100010000011011001011010001110000110
1000101000111011100011000001000100111010001110110101001100000001
1001111111111100101001010110000011001000010000011000011000100100
0101001111011001001110010111111111011011001001000101100100011100
1000001000011101000011011100100100111110001100111100011010111010
0000011000101001101100100001111100010010110110011010001111001101
0111110011101001001110010011101010001110111000000001010010001100
0101110000101100011010011010111001101000101111110010001101010001
0100110100111111001011101111001001011011110010010000001110001001
0110010010001010101101010001010000001010111000111000110101110111
0101110110111011000000101011100100010010111101111110100111011111
0001010000101010100011100100100000110101010000101011011101110111
0000111111100011011001000011111000101101110100000111011100000110
0101101010000010000100101010111101001111001000101110011000010001
1010000110101000110110100100101101000010100101000101001010011111
0100011011100101001111111110000001101001000100001011110111101100
1111011001100101001111000101111100111111001010101100110010111111
1110100101010001100010001100100001111110100011011100011110001001
1101001110100011110110000101100110001011101000110111001101001110
0000110000101000110110111111001010001111100101111101000011000111
0000100000000000110111100001101001000001001001111100100000010100
1011010111000001100100011010111001111001001111101100101101011010
1001011110000001111100111110101000101110111000100000010111110001
0110100000001111001101101110101011101101110011101011000110010100
0101100101000101100000100111111101110011101011001010000000001111
0001000000111101000000101111100011010111000011001000110110100000
1101010011111111110000100010110101100001011111111000110010110110
0010001101000111001010101110110010101111101101100000011011101100
0100101111011011100101000000010100100001111100101011110000111001
1010001100010100111000101111101001010011001101101111011111110001
0011100101100000110010110111001000110000000011011110001010011001
1010011001011001001111111100101101010000011111110011000110110100
1000110110111000011111001011111100100111000110001011010011001010
0011101110010001011001001010100011111111010001110110000001110000
0101101011001100101111000100111110001010011000110111100110000001
1100001011100100000110001001011100001110100000100000001011011111
1001001100001101011010111011101100100010010101110100001111001011
0101011000100010101000001000101110100001001001100110010010010111
0100010011101111101100010011000101011101110101110011110010111110
0010000100110000000101001101100001110010001000010010000011011101
1111101100011111110101010011000001111001100010001111111100010010
0010001100000110110001101011110011001011101110000010011010100110
0011111011001111001010101010110000001001110011000110010111101000
0111000111110011111001010010001011000010101101001111001111111000
1101100110001100001000111111110000011101110010010100010111101001
0010010001110001001011011101010100110010100101011001010000011000
1101011010001011101110111011011101000001110101101100010011000101
0111110000011011001011111111110100000110001011001011110000010000
0001001100001101011000011101010111101010111111000101101110100001
1111011100100100001000100100101100010000110000010101011101110000
1100001010000000110101010100101001100101011101010000100110010111
0011011000011001000010110111111010010010111101110110011000010000
0101000110001101000011011000010110101110011111111011001111011010
1011100111000111011110111100000010110000001000101001111011110110
1000011010010001111001101101001100011011110101011000001101010001
1001011000011110110000111110000100011011010000011101110100110011
0110110010100101001111011100000101010100001010100111011010111100
0110010001001011110110001101001111111000011011111011101101010111
0101110001101110100101000001000001010010100010000110101010010001
1001011011001000010001001100001100011110000011011101101000101100
0111100110110001101010001110110101101001101010111001101001100100
0000101110110100111101110101010111000010111110010011011010111001
1110101000001011000000000000110001101101100111001011000100100111
0001011110100111010000011000101010000011101000000011000011110001
1001100110000000111111001110101011011100010010000011001001110110
1111010010111010011010001000001101101010101000100000011010100100
1001111110100000001010000100010110001111110010110110100101100111
1110111011011111001011000100111100111111011101000110100101101001
1111001100001011101001100111101011011100001100001111110101011011
1110101010100101110010101010110010100000001110011100001000010110
1110011101111111111001101010001010001000000000011011011001001001
1001111110001001001110111000011111110101011100100110011001001111
0100101111011000000011110111101010001110101011100110111000100001
1001001111110000100110001011111000110010010010010110101101000111
0101000010111011000100101011111110001011100101010010001101100111
0010001000000001111000111000001101001010001001000111110010000010
1100101001000100110110111110101111111101101011001001111001111010
1111011100110101111011001110111001110001001001000011001001101100
0101101000011111111011000101001010010101010001010100010000001000
0001011010001000111010100010111001001101010010101101001111010010
0001111001110010111101100110110010111001010111001100011001111101
0111011000011110100010100011011011001110101101111111000100010001
0110011010110011000100111100110100110000010010001001000100001100
0011000001111110000100000010000011101000101100000101110100101110
0110111000000010011110001111111001000110001101000110100110010001
1011010000010000110000111100100110010100101110010111110101010101
1110110010010101100110101011101010001011101000100000010110101100
1111010111110001000000100100110011110101010101100111010010101011
1010000011011000111001001101010001000010010011001100100001011011
1110011000001011000011101011110010110110110011000110011011110000
1110101110110011011011011100001100100100001001001111000100010010
0101001110010101011001000100001110101100101000100100010100011000
0101101111100101111010011001110001001000111110010110110111011011
1101010111101101001011001001001000001100110010001000010010101010
0101010100001101011001010001101110001000001011011001001000101000
1000001110010011000011111000101111010100110110001101010001011101
0110101110110000011101011110001101100110010101111100011010001101
0101011110010110010100101001101100100000010000000011100011100110
0011001001010011111111111001000101001011110111000010101011010011
0000001111001011101010101010001110110001100100101001111100011010
0100011110001110000110100000110100100000111101011010011010001010
0100100110111000110110110011101111101000000100001011110000111010
0101001100101011101010011111111111001110101000000110011001100010
0011001011011110110100110111011100100110001010111000000000110101
1001001001001010111111010001010101111001001100010111001000000011
1011010100110111010000000101100111110111011000000110101010000010
1010110000000101010001001101101110010010001010001001000010001011
0000011101000111010001000010010111001000100111110010010110100001
0011111110100011000010101100100001100011000010011111000100001011
0010011110001011000111110010010001100010010101000010110001110001
1101010011100100011110110000010101001011100010110010001011010101
1010001100011001100001111001110111110001011011011101010111110101
0000001011000100100010011000100010011111101101101110000100111110
0111110011101111010011111110100000110010110110011010111000001100
0100010100100110111010110100000111101011000001111110001010110010
1110111001000101101110111000110000010011001111111000010111111011
0011111001001000001110110001001100101100001111001100110001000100
0101101100011000111000100110110100010101110110111010101111001011
1011110101000101011100001100110100111101011110101110110010100001
0000001001100011111000001000101010101110100001001111001011011010
1100111010100110001011001111111001001000101000010000110100110111
1101100100110100100100100100001101100010110110111101000000011100
0100000000110101110101000101100001001111111111010111010001011110
1000000100011100101110110111101001011000111101001001011111100110
1100001110101010010100001101110010111111000101011110100100010100
0011101010011110110010100111100001011110000111110001001101110010
1011100111111101111000010101010000010101111100011101000010001101
1011100111010100011010000011101011000100100111110101001011000110
1001100111100101111000011010111011110010100101111011001111001110
0100010110001110101111101000100011111001110110000101010100100100
0110111111100110011001000101000001110100001000000011101101110101
1000001001000001011100110100000101011111101110011100100101100111
0010110011100110111111110110001000011110000001100100110010111001
1111010010001100001001110011100001110011001000101010101100011001
0100100101101111110100110111110101001010001111110010010001000101
1110000011000001100001101000001001111110011000100000001011101101
0110100111011011010110100011011100000101110001111000001111111000
1010001000110111111010001110010000111100100101110110110101010101
1011001111111001110111001110100010100111111000000011111100100110
1101110010100011101100100010010001010111101000011100011110110000
1111100011101001010100110010001110111010011010011110110010100101
1111001100100011101100011001011001010011100101100111000111110110
1101001010110110100111001001011000010100110110000101011011100000
1001000100010011101101001011111001101010011001000111100000100001
1110000010010110101010001100011000000011101011010101010100010001
1000110111111000100111000001111110011001110100000001011101000010
1100011001111110100011101111010100100011100110000001010010011000
1111110111011110110101011000110110101110110100100011010010111000
0100101101101001000000111100001111101010010111101001000000110000
0000010111111010101000110010110101101110000111100101110011111100
1001101110110100001010110001001010010001111010000110100000101101
0001011110011100001110111001110101110001001010100011001110010011
1001100100111000001101101001111100110110000101010011110010011001
0111001110000100000110011111101010100010001110111101011101101101
1010111100100001011111001110001100001010000010100101011011001101
1011010100000000000010010010100001101110100011111010001001001001
1011110101100001000000011100110101100000000101001001101010011101
1100011100010101101101001010100010011101011100101010101011001011
1110000111010100110000010100100101011000110111111010011101100000
1101011001001000100010011110111000001100100010001001100100011110
0110010010100010011110100100101000100110001001000110001001011011
0000000000000100010110011010100110000010110111011001100000001101
1100110100111000011000011101101010101001110001000000111111100011
0001110001010111010101110001100001011011001000111010010011110001
0101110010000100101111101110101100000110001111001000110001011011
1100100011001010011100010100001101010101101110110100011011011101
1101100100111101100000100011100000100010000010000001110100101010
0110001010100111110110001110010100010011001111010011100010001101
1101110111111101011111110000011011001011000100111011101110111111
0101111000111011010001010111000111100001001011011011000100101101
1100101110000011001100101010100101010010101000111111110100010100
0001000011010010010010011000001110010000011110001001111000100001
1100101001100101110101001100100011100100011100111010011000111000
1011110000110011011110101010111011100010011101100011001100101001
0110010010111111110000110000101110011011001011001011110101111100
1100010110010011110111100100011101101100111100010011010100010100
1100010110011000100110111101001110001010100000001110101001010000
0100010010000010110100001111011001000010111101101001001011010010
1101011101110100000000001110100110110000000010010111011011000011
0111011110011000101111111110111001111111010101001111110011001001
0111111101111110110011101101001010011100100110100001111111000100
0000001011101011000100010100001011000011111101100110010010111111
0111110100110100001110000111011001000110110110100001011101111011
1100001001001101100101001101101011011011101100111101000011011010
0111101110010010101101011001101100110101101111001111101101100111
0001011101101000101100000110110100001111000001101111101000000101
0110011100000100110110101001011111010001101100110100111010001101
1001110001110000011010100100000011111010011111101011110101110101
0000110011111000101010101000011101100110000100010000010101111011
0001101110001010001100111001011111100101110110111001010100110101
0110011010010001110001100000100010101110010100100101010110001100
1000010010111001001101000100000111110111011101000001111101100110
0101011010101110000101001100010110100111000100001100101011101101
1111011010011001100100111010111010100001010111110110010010110101
1010111010011101000011010010010110100100111011010110101001100100
0100101000000000101000100010011111111101111110000101100111100110
0000100110011100101110110011111100101001110010111010111100001000
0100100000111000101001110110110000000011011000000000100000011011
1110001110010011011111100100010011110010000011001101000011101110
0110010011110011011101000101010011000100000101100000100100111001
0100110111110110011100111001100001110001000001101101100100111000
1110111110100111001110110010110010110001100010101001110011001110
0111011011001011100000101001000101100101101101010000110110111110
0011111101010001011101001111011110110011011000000101001101111011
1011110100110111010010111111101010110111110100011011011110100000
0000001110011100010000100000111110001011010110011110000110011010
0010000110000010010010111010010010010110101101011000100111100011
1100111111010010101110000000111100011000000010100011110100011100
0100000110001100010001011001111000101010110011100111111001001000
1001010100110010010011010100100000000111101011100001000110001110
1000101111001011010111001010010001001001010111011101111010010010
1111001011011100010000001101101111110111101100111110111000010111
0000101001001110000111010000101000110110101001001010011111100000
1101000000001101101000110010001100111101000001110001000111000100
0011101001000111110000100110001111001000101110111010111000110010
0000101101111111100110010000110010010001010001100000101001001000
0111001001011001010010010000001111100011100101110010001100001011
0100011110001010111011110000010001101010010110111101111010011010
0100000011010011101110001101010001110001111111010101010100111100
0001011001000111110001110010000010011011110111100001101001101000
1010000001101011110010100111101000110001111010011011000111110101
0111101101011011101010111111111010010001011001110001111011010110
1000111001000110001110001001110101100011101010101011000110000000
1000010100011101110011011000000000101010110000011100111110001001
1101111101110111011100011011001011101011111101111100101000111111
0001100101010011010111101001110010100011110111010100101010110100
0010110100000110011011100010000110000100101001101101001010110110
1110010001100001011100011110001101110010001111000010110111101111
1111000010110000010100100101101000111001100000111000110001001001
0101011010000110111000101101111101001111011100000100101011101000
1001111000101100000101101010111100010101110000110101100000100001
0000111110101101101001011011100001111001101010101011110000100100
1101100101011001101110011010100100111001101110010001011110100000
1100010011110000111000011001100011001011110110100101100101000000
0000100101110010101101101110101010011011111100100010111101000111
0101011001110110011001101110011101011111011000100111000101000001
1100011111000100000110110111000101101100010100010010101011100100
0010101010011010010110010101001001001010001110000110100010110111
0110011111100100010000011010000100110111100001101101010110010001
1110011001111010001110010011111001101010101001011011101101000000
1011101101001101111110010101100011101011110011001010010110001111
0100010011110110001111111111001001010100011010111011001110100101
0101011100111101001110001101100100010000101111010111010110101001
0101110000100000101101000111000000100011111010100001101110010101
1010101100110011111011001101001000000000001101100101010101110111
0100110011011101000001101010100101110101010110010011010111101101
0001011111001111111111011101011011011101111011100111010010000001
1000111101010100011111011101010111111001101100011110111111010010
1110001111000111010111010000100011000010011000011000010111100011
1100111011010010110100011111011011001000010000011111110110101010
1111111110011001011100001111000011100111101100110100100010011100
0110100101111001011001100111010000001101100110101000101010100101
0111110010110011101100111011100101101101100011010011101101010111
1111101010100010100100010100100011101001100010110011111101110001
1101000100110011001011100011010100101011110110111101110100100110
1100111101010000010001110010011100101010100101110100000101000010
1110011111010000000110110000100011011000100010101100110111010111
1100101001001110001010100001111101111101000010001101000001110101
1001100101101000001110001011100001100001111010100001100011111111
1001100111101100000011100011001101001010111101001101111001100000
0101110111110100101010100111010001100010110110110010110011010010
1101111011000011111101000111000101011011011011111011011010001010
1111110100000110010110011000001010100101101111011101101000100111
1100010011100100011011111101110001100101110001001001100100110101
1100101101110101111010011101001000010010110100011110000101111000
0011001001101100110101111001001101001010001101110100011000001001
0100100001111011110010101100000110100001011111100010010111011001
1011000110110000100100000000001010100010101111110010111001100000
